TESTS 480p

BladeRunner2049.bmp


[ 2663748, 2565288, 2489148, 2487240, 2460204, 2461320, 2431728, 2512332, 2480940, 2552076, 2509812, 2541384, 2500308, 2463192, 2490300, 2482236, 2519532, 2524104, 2484252, 2521944, 2502792, 2503188, 2489724, 2546172, 2554992, 2528748, 2488140, 2447640, 2493324, 2479644, 3250584, 2467476, 2494764, 2481012, 2471544, 2487024, 2458476, 2471940, 2498076, 2496672, 2483172, 2462004, 2513376, 2504556, 2468268, 2515176, 2453688, 2450700, 2479644, 2475540]

Promedio: 2511182.880000

-----------------------------

Deadpool.bmp


[ 2665764, 2612988, 2482740, 2550204, 2480652, 2524788, 2472336, 2463876, 2717532, 2451636, 2465496, 2507184, 2454840, 2437092, 2423808, 2452968, 2476188, 2455416, 2748168, 2527380, 2650824, 2619360, 2454660, 2441304, 2458296, 2495916, 2497824, 2489436, 2467476, 2667456, 2459700, 2456532, 2454480, 2442168, 2482020, 2485476, 2458872, 2489256, 2464704, 2512296, 2480940, 2545488, 2583612, 2558520, 2510928, 2543364, 2540592, 2643156, 2491128, 2435292]

Promedio: 2513042.640000

-----------------------------

It.bmp

[ 3503196, 2561220, 2415636, 2388600, 2403936, 2353176, 3084660, 2376900, 2397600, 2397924, 2501388, 2393784, 2492064, 2408004, 2441952, 2420424, 2394828, 2403864, 2414088, 2421540, 2396376, 2416968, 2420640, 2391120, 2488752, 3148164, 2623248, 2422332, 2402424, 2416464, 2513736, 2389968, 2415636, 2463732, 2380176, 2349000, 2380500, 2352528, 2392236, 2370024, 2446668, 2405808, 2429208, 2496528, 2383020, 2432160, 2430684, 2377440, 2391444, 2406456]

Promedio: 2470164.480000

-----------------------------

JusticeLeague.bmp


[ 2744244, 2630556, 2542068, 2522232, 2520432, 2474388, 2500308, 2501928, 2511504, 2539440, 2498076, 2761020, 2486268, 2463156, 2566188, 2506716, 2498292, 2474064, 2490336, 2508588, 2525076, 2544840, 2521512, 2544768, 2535948, 2534760, 2466432, 2483748, 2491668, 2502576, 2490264, 2482920, 2462724, 2529504, 2495340, 2453904, 2499444, 2474676, 2441412, 2500236, 2479140, 2510136, 2477196, 2641644, 2496816, 2474316, 2518380, 2497896, 2632176, 2471580]

Promedio: 2518416.720000

-----------------------------

TheMandalorian.bmp


[ 2699928, 3511476, 2482308, 2550420, 2442708, 2408112, 2445444, 2425464, 2542824, 2464704, 2443860, 2571444, 2421540, 2469420, 2427228, 2414700, 2453940, 2872800, 2476620, 2432340, 2455272, 2528964, 2442600, 2447136, 2458260, 2430036, 2495304, 2438892, 2595492, 2416500, 2429316, 2669652, 2574936, 2735172, 2464632, 2398428, 2483208, 2529360, 2530764, 2466576, 2599236, 2502108, 2508480, 2457972, 2476152, 2455092, 2498940, 2484216, 3609540, 2496168]

Promedio: 2540713.680000

====================================================================================================================================================================
====================================================================================================================================================================

TESTS 720p

BladeRunner2049.bmp


[ 6432696, 6387372, 6870168, 6624216, 6555816, 6520644, 6833664, 6765336, 6832224, 6476652, 6599016, 6692832, 6676272, 6724296, 6485076, 6481584, 6513444, 6547212, 7017552, 6763176, 6533928, 6561324, 6720516, 6600096, 6587856, 6527880, 6553764, 6615936, 6510888, 6500772, 6482484, 6513588, 6567552, 6846732, 6537888, 6632928, 6548184, 6638796, 6674076, 6473304, 6542172, 6563412, 6504912, 6501420, 6480108, 6655104, 6584472, 6716160, 6517008, 6520140]

Promedio: 6600252.960000

-----------------------------

Deadpool.bmp


[ 6501564, 6332976, 6381504, 6394104, 6367608, 6414300, 6492600, 6453468, 6453684, 6442236, 6402060, 6406740, 6490620, 6396660, 6458004, 6397920, 6396840, 6451020, 6518052, 6601140, 6469992, 6478416, 6448644, 6490476, 6420996, 6500556, 6420492, 6416640, 6386976, 6417720, 6543864, 6366852, 6408720, 6432948, 6463260, 6397776, 6419088, 6413292, 6476328, 6398244, 6377256, 6339312, 6419268, 6360300, 6382800, 6414696, 6399360, 6649344, 6426972, 6338880]

Promedio: 6432651.360000

-----------------------------

It.bmp


[ 6501960, 6294384, 6363216, 6330564, 6624324, 6503760, 6403860, 6652944, 6347592, 6441624, 6408180, 6391008, 6340680, 6547140, 6323760, 6378768, 6362532, 6450228, 6452928, 6686964, 6517872, 6446772, 6523020, 6855480, 6573996, 6330744, 6339564, 6343848, 6423588, 6304752, 6296364, 6386940, 6305472, 6756732, 6518736, 6298020, 6368904, 6322896, 6520644, 6517692, 6386976, 6472224, 6299064, 6407388, 6306516, 6574752, 6570036, 6660540, 6390756, 6488172]

Promedio: 6446297.520000

-----------------------------

JusticeLeague.bmp


[ 6801732, 6410628, 6399612, 6477768, 6576552, 6568884, 6809616, 6895728, 6529860, 6472404, 6904296, 6514308, 6524748, 6521760, 6469596, 6407568, 6481620, 6683544, 6464628, 6496308, 6473916, 6900012, 6523272, 6517836, 6434532, 6444972, 6665976, 6465528, 6408972, 6514704, 6482772, 6602904, 6461172, 6679872, 6556356, 6589080, 6475464, 6498648, 6499152, 6563520, 6478164, 6576372, 6776892, 6487920, 6441552, 6586560, 6672852, 6422868, 6449796, 6477264]

Promedio: 6550801.200000

-----------------------------

TheMandalorian.bmp


[ 6547788, 6385500, 6602148, 6567012, 6469236, 6525756, 6681348, 6464052, 6459444, 6538824, 6665940, 6518448, 6634728, 6604884, 6775992, 6548148, 6561900, 6463584, 6459552, 6496920, 6487632, 6507072, 6583752, 6447996, 6589116, 6498108, 6640812, 6429456, 6546852, 6558660, 6481116, 6564816, 6649236, 6611868, 6466176, 6492564, 6445224, 6509988, 6484284, 6653412, 6551964, 6512832, 6541056, 6507864, 6638724, 6542028, 6660000, 6498000, 6618096, 6526728]

Promedio: 6544332.720000

====================================================================================================================================================================
====================================================================================================================================================================

TESTS	 1080p

BladeRunner2049.bmp


[ 16428096, 16407576, 16672356, 16949052, 16194276, 15931944, 16824240, 17332560, 16367616, 16670772, 16745400, 16851168, 16737408, 17004888, 16674012, 16876836, 17097696, 16545420, 16866720, 16591176, 16645500, 16282620, 16939908, 16581924, 16743384, 16166448, 16551432, 16834536, 16405344, 16921260, 16449048, 16914276, 16809192, 16392024, 16535448, 16492248, 16961688, 16693236, 16689528, 16737732, 16475616, 17417952, 16740972, 16494156, 17032860, 16772976, 17032392, 16704792, 16719768, 16268112]

Promedio: 16683511.680000

-----------------------------

Deadpool.bmp


[ 16183512, 16542792, 16758036, 16680816, 16766748, 16864848, 17099424, 16784172, 16585884, 16830144, 16818300, 17033796, 16848936, 16759116, 16429248, 16595820, 16931700, 16812360, 17122896, 16530372, 16887276, 16719660, 16994124, 16608096, 16669008, 16724772, 16818120, 17013456, 16700580, 16961688, 16725744, 16589124, 16904808, 17072964, 16927560, 16280028, 17124588, 16960392, 16808040, 16667928, 16730676, 16219584, 16599348, 16147116, 16447068, 16717752, 16891020, 16491996, 16444764, 16874964]

Promedio: 16734023.280000

-----------------------------

1920x1080/It.bmp


[ 16365600, 16259220, 16821900, 16408980, 16421940, 16384392, 16223400, 17186688, 16527924, 16246440, 16130592, 16535304, 16357284, 16203600, 16371972, 16105140, 16604064, 16234236, 16018956, 16351488, 16202736, 16354512, 16491492, 15910164, 16636320, 16314948, 16198992, 16286724, 16177824, 16748136, 16190820, 15850368, 15842520, 16484364, 16055064, 16341012, 16468704, 16150752, 16470648, 16237152, 16339104, 16552332, 15950556, 16083252, 16325856, 16250832, 16684560, 16547940, 16158780, 16128396]

Promedio: 16323879.600000

-----------------------------

JusticeLeague.bmp


[ 16687152, 16753464, 16445232, 16909416, 16775964, 17153316, 17097120, 16472988, 16890624, 16809192, 16718148, 16799796, 16917804, 17205228, 16726896, 16619292, 16836048, 17980596, 16501788, 16901172, 16755696, 16633116, 16644600, 16631748, 16885152, 17069580, 17182296, 16913988, 16831728, 16441812, 16416720, 16796088, 16870716, 16827336, 17079516, 16694244, 16482492, 16937964, 16655724, 17043588, 16634484, 16684668, 16698312, 16638228, 16197984, 16743168, 16653168, 16555932, 16036020, 16521948]

Promedio: 16767185.040000

-----------------------------

TheMandalorian.bmp


[ 16450668, 16702452, 16690824, 16660476, 16588260, 17116056, 16908876, 17117712, 16851888, 16850844, 16999884, 17154144, 16729236, 16610796, 16649892, 16951284, 16816212, 16772436, 16359120, 16990488, 16732800, 16768296, 17028828, 16725384, 16425612, 16898760, 17301348, 16669296, 16504956, 16823232, 16695288, 16580844, 16753536, 16621020, 16842240, 16824024, 16929252, 16557192, 16556868, 17147808, 17009172, 16932024, 17019036, 16750836, 16587612, 16654644, 16992360, 16613964, 16504344, 16602120]

Promedio: 16780484.880000

====================================================================================================================================================================
====================================================================================================================================================================

TESTS 4k

BladeRunner2049.bmp


[ 93641220, 95050332, 95591448, 94066236, 94347288, 96616368, 94964256, 93962952, 96323544, 96045948, 97447788, 95274540, 93839472, 94845384, 94848732, 94170816, 94162500, 94882644, 96949008, 94710528, 96044040, 95925420, 95301072, 95455692, 95615100, 96684480, 94619196, 95560020, 95936040, 95811300, 96022656, 95498712, 95028300, 95795316, 95788944, 96900516, 95958720, 95819976, 96269148, 95760000, 95327856, 95809320, 95956344, 96199920, 96373332, 95228424, 96408972, 96252372, 96130260, 95713308]

Promedio: 95538715.200000

-----------------------------

Deadpool.bmp


[ 95424984, 96716052, 95970600, 95820660, 95318784, 94968504, 95827500, 96382692, 96790392, 95986152, 96489900, 95428008, 96256116, 97102836, 95941008, 94951116, 95234076, 95077476, 95354712, 96340428, 94308264, 95692572, 95802012, 94723884, 96019092, 95634828, 95549652, 95415408, 95202216, 94282848, 94475448, 95815044, 95567832, 95112720, 94786056, 95076612, 95236956, 95127336, 95475600, 95827032, 94601952, 95486688, 95465160, 94912200, 95288904, 95285412, 94516128, 95071500, 94920984, 94876632]

Promedio: 95458779.360000

-----------------------------

It.bmp


[ 95091120, 95019480, 94879800, 94112244, 94836996, 94699872, 94118220, 95093640, 94127472, 94574592, 94607100, 94658508, 94573440, 94546080, 95484780, 94414896, 94205772, 94235436, 94846176, 95529996, 94419648, 94212144, 94397904, 94946400, 94499712, 94294872, 95102892, 95526144, 97435548, 96665724, 97067880, 95262048, 94730112, 94367484, 94266468, 95596236, 95226048, 95173524, 95784840, 93987828, 94351428, 95129676, 94901004, 94836060, 93770820, 94244472, 94752576, 95967360, 94383432, 94791168]

Promedio: 94874941.440000

-----------------------------

JusticeLeague.bmp


[ 94529484, 95638788, 95721300, 95386068, 95402592, 95567184, 95641956, 94533012, 95259780, 94893156, 95727204, 95919444, 95527908, 95372208, 94529556, 96027192, 95684400, 95283756, 95204088, 95094648, 94801392, 95867748, 95712912, 94940100, 95358852, 95266800, 94873032, 94836024, 95656464, 95107392, 95340924, 94984812, 95153940, 95666544, 96477300, 95698548, 96196932, 95966820, 95762772, 95146596, 95135688, 95585868, 95391216, 94892436, 94785516, 94956408, 96089760, 94540500, 95306580, 95749884]

Promedio: 95363869.680000

-----------------------------

TheMandalorian.bmp


[ 94641516, 94975020, 95144976, 95392584, 94974084, 96636168, 95689728, 95318892, 96133356, 97847928, 95827140, 95780844, 95465088, 96193368, 95946768, 96345504, 119635596, 96523992, 96163092, 95628492, 95520132, 96924024, 95445072, 96404112, 95450544, 96681528, 95257872, 95637672, 95916636, 95404320, 95728788, 95654412, 96776568, 94508820, 95142276, 95419008, 95505840, 94485024, 96383952, 95678280, 94962564, 98184240, 95075460, 95038632, 95294736, 95074056, 96315048, 96026076, 95909184, 94590540]

Promedio: 96213191.040000
FIN
====================================================================================================================================================
======================================================EXPERIMENTO 1=================================================================================                
====================================================================================================================================================

TESTS 480p

BladeRunner2049.bmp


[ 2527200, 2465532, 2402496, 2425428, 2447784, 2417688, 2422944, 2429604, 2422908, 2406168, 2421072, 2482632, 2405700, 2418696, 2453688, 2449224, 2549304, 2415276, 2425896, 2438892, 2488248, 2455560, 2500380, 2425068, 2427948, 2410092, 2446488, 2417436, 2434716, 2424780, 2416716, 2413584, 2431404, 2411100, 2447604, 2433312, 2424420, 2392308, 2440080, 2430288, 2932524, 2437704, 2404224, 2581308, 2423196, 2436552, 2428272, 2412036, 2461860, 2450088]

Promedio: 2449348.560000

-----------------------------

Deadpool.bmp


[ 2573028, 2495916, 2431584, 2406348, 2370672, 2367612, 2386260, 2412612, 2374308, 2378952, 2402100, 2381940, 2345256, 2378592, 2473884, 2398680, 2386080, 2380212, 2390004, 2364912, 2366568, 2563308, 2484468, 2387952, 2371896, 2333232, 2355300, 2359728, 2386080, 2380572, 2364948, 2388168, 2447316, 2362464, 2418192, 2348064, 2437596, 2392668, 2392776, 2400588, 2389428, 2386656, 2415096, 2382336, 2352168, 2349000, 2397996, 2444508, 2408148, 2384568]

Promedio: 2399014.800000

-----------------------------

It.bmp


[ 2526048, 2410056, 2303856, 2253528, 2357856, 2334780, 2298384, 2309904, 2333736, 2290860, 2290860, 2331396, 2257740, 2289672, 2286792, 2269764, 2290464, 2283948, 2255796, 2273508, 2311596, 2332980, 2301300, 2270160, 2270448, 2289420, 2279088, 2312460, 2271456, 2256840, 2467152, 2246364, 2311488, 2275704, 2299176, 2262528, 2273256, 2296224, 2281212, 2326860, 2292624, 2327184, 2293956, 2284632, 2332548, 2306952, 2289276, 2340324, 2281068, 2247624]

Promedio: 2303616.960000

-----------------------------

JusticeLeague.bmp


[ 2531772, 2481732, 2399904, 2498400, 2402064, 2463228, 2404728, 2467548, 2440728, 2422332, 2401452, 2473056, 2409768, 2431008, 2492604, 2450700, 2415528, 2393820, 2463336, 2420316, 2486952, 2393892, 2472516, 2493252, 2464596, 2394612, 2401812, 2490912, 2416572, 2447424, 2479500, 2455920, 2414916, 2494620, 2392920, 2402928, 2381112, 2388240, 2525220, 2454624, 2432520, 2441808, 2430360, 2431908, 2499372, 2439792, 2426472, 2422908, 2418444, 2420424]

Promedio: 2441611.440000

-----------------------------

TheMandalorian.bmp


[ 2488860, 2416860, 2358000, 2369124, 2395332, 2478276, 2390364, 2382300, 2439144, 2417832, 2354436, 2353608, 2356920, 2379096, 2413584, 2398392, 2381688, 2415708, 2422224, 2657808, 2463444, 2403036, 2364948, 2354796, 2365128, 2371752, 2398104, 2387124, 2428596, 2418336, 2402604, 2393172, 2372400, 2408724, 2469744, 2370636, 2414592, 2395188, 2378880, 2417652, 2424600, 2425428, 2416608, 2401308, 2421540, 2382228, 2409804, 2395296, 2399652, 2484468]

Promedio: 2408186.880000

====================================================================================================================================================================
====================================================================================================================================================================

TESTS 720p

BladeRunner2049.bmp


[ 6245712, 6152436, 6154776, 6237432, 6193944, 6334416, 6214536, 6229836, 6254028, 6189876, 6228576, 6225444, 6244200, 6093252, 6186060, 6190128, 6248052, 6254676, 6237468, 6220980, 6169500, 6187608, 6119388, 6080832, 6192144, 6122376, 6130584, 6224328, 6208524, 6212916, 6192468, 6165684, 6113376, 6219792, 6132024, 6172848, 6179616, 6202692, 6197004, 6157368, 6163488, 6144336, 6171696, 6249816, 6208272, 6186348, 6230952, 6198552, 6198048, 6223068]

Promedio: 6193829.520000

-----------------------------

Deadpool.bmp


[ 6115464, 6147756, 6243084, 6230124, 6264792, 6251328, 6368544, 6265224, 6306624, 6229008, 6226056, 6263172, 6261516, 6272100, 6368580, 6368832, 6379128, 6315228, 6440436, 6388308, 6711768, 6563808, 6301548, 6416352, 6288552, 6363144, 6399432, 6331788, 6312204, 6532956, 6478812, 6359868, 6320952, 6349680, 6341580, 6367716, 6369948, 6337188, 6441552, 6357780, 6355188, 6399288, 6321348, 6295572, 6275700, 6384744, 6321816, 6336720, 6279336, 6307776]

Promedio: 6338588.400000

-----------------------------

It.bmp


[ 6009732, 6018372, 6115356, 5939136, 5979636, 5958504, 6053580, 6136776, 6089292, 6037812, 6082488, 6134796, 6172560, 5987376, 6082884, 6097788, 6045012, 5942484, 6051924, 6049584, 6042708, 6104520, 6040548, 6043644, 6106212, 6078744, 6089076, 6086880, 6090156, 6046488, 6138000, 6099444, 6066324, 6015348, 6052896, 6137568, 6024816, 6145236, 6071652, 6082812, 6054552, 6118848, 6008688, 6000588, 6098076, 6012000, 6018840, 6038136, 6165936, 6069168]

Promedio: 6062659.920000

-----------------------------

JusticeLeague.bmp


[ 6153948, 6187860, 6228792, 6204960, 6245100, 6286752, 6277212, 6225048, 6253272, 6320340, 6198588, 6315120, 6261660, 6217056, 6303852, 6166512, 6245964, 6246360, 6216120, 6216696, 6208812, 6292836, 6345072, 6176628, 6194664, 6235056, 6234192, 6279984, 6145812, 6259932, 6243624, 6280056, 6246468, 6211440, 6203952, 6181380, 6263676, 6279516, 6264252, 6186204, 6233580, 6203736, 6259752, 6246108, 6239880, 6289668, 6239052, 6183684, 6210900, 6240564]

Promedio: 6237033.840000

-----------------------------

TheMandalorian.bmp


[ 6073344, 6118128, 6241932, 6227568, 6273612, 6220656, 6219252, 6278364, 6168852, 6277896, 6209856, 6246252, 6212664, 6240312, 6324048, 6267276, 6332112, 6323688, 6192468, 6246432, 6189624, 6228360, 6201504, 6217092, 6243048, 6242400, 6234984, 6193296, 6330528, 6267132, 6267096, 6238476, 6248160, 6301260, 6254316, 6203412, 6220692, 6222636, 6196572, 6278256, 6264864, 6312780, 6211728, 6197652, 6295536, 6230916, 6269976, 6265980, 6340428, 6221700]

Promedio: 6241702.320000

====================================================================================================================================================================
====================================================================================================================================================================

TESTS 1080p

BladeRunner2049.bmp


[ 14572548, 14293944, 14204736, 14774076, 14185908, 14406624, 14325192, 14386212, 14131224, 14515632, 14054112, 14222340, 14519808, 14188140, 14200452, 14694696, 14191812, 14180652, 14362668, 14246892, 14201604, 14182272, 14333796, 14666400, 14105880, 14160672, 14342292, 14357124, 14441472, 14254128, 14192748, 14226480, 14486220, 14137560, 14691240, 14637096, 14276124, 14495040, 14982948, 14824440, 14778144, 15099120, 14254776, 14301792, 14391324, 14452164, 14321556, 14211324, 14584860, 14397300]

Promedio: 14388911.280000

-----------------------------

Deadpool.bmp


[ 14812560, 14209488, 14240772, 14446152, 14635800, 14486544, 14166108, 14364000, 14220504, 14393808, 14449212, 14490036, 14153472, 14574888, 14157216, 14645088, 14453064, 14515452, 14209452, 14304240, 14199912, 14507964, 14236380, 14399820, 14316048, 14498064, 14547096, 14225976, 14271660, 14291280, 14250816, 14116248, 14380020, 14144400, 14341752, 14200992, 14217228, 14169672, 14642208, 14138964, 14345784, 14518944, 14350716, 14479920, 14278968, 14264136, 14244480, 14382000, 14494140, 14417352]

Promedio: 14356015.920000

-----------------------------

It.bmp


[ 14943276, 15015924, 14375628, 14481324, 14336028, 14183712, 14153832, 14426568, 14829048, 14218308, 14372676, 14529708, 14556600, 14687280, 14711616, 14036004, 14494428, 14485860, 14563224, 14528556, 14772528, 14333112, 14386212, 14023008, 14473080, 14554728, 14296932, 14868288, 14848236, 14293368, 14380056, 14404680, 14638032, 14749380, 14689872, 14495688, 14106240, 14110812, 14676480, 14598432, 15108084, 14591808, 14317596, 14564448, 14614092, 15048000, 14365620, 14287032, 14127408, 14218524]

Promedio: 14497427.520000

-----------------------------

JusticeLeague.bmp


[ 15231420, 14902236, 14287356, 14354280, 14547240, 14534424, 14522580, 14631840, 14430960, 14362596, 14562396, 14355864, 14270580, 14325696, 14250168, 14534424, 14304312, 14323788, 14251068, 14755212, 14757156, 14685156, 14328432, 14247288, 14600916, 14318568, 14702328, 14485500, 14609412, 14401476, 14454108, 14475672, 14572260, 14277240, 14392404, 14339736, 14311008, 14763960, 14346540, 14277348, 14285772, 14566644, 14695776, 14585328, 14404320, 14770080, 14670864, 14862852, 14362776, 14556888]

Promedio: 14496924.960000

-----------------------------

TheMandalorian.bmp


[ 14987052, 14186124, 14220324, 14218056, 14255784, 14650272, 14343336, 14358636, 14318316, 14302332, 14209164, 14078052, 14267160, 14566572, 14244516, 14222844, 14191740, 14318388, 14296392, 14132484, 14113440, 14551704, 14103504, 14148360, 14401260, 14199804, 14302368, 14129892, 14180040, 14212728, 14170932, 14188860, 14281236, 14493780, 14192460, 14409396, 14148072, 14318820, 14070708, 14157180, 14166072, 14179968, 14435244, 14264316, 14226480, 14103432, 14243652, 14600160, 14201892, 14348412]

Promedio: 14278234.320000

====================================================================================================================================================================
====================================================================================================================================================================

TESTS 4k
BladeRunner2049.bmp


[ 87745320, 85224636, 85338216, 85438584, 85882608, 89248140, 85877532, 86172300, 85199220, 87210648, 86164560, 88872516, 88668036, 87298740, 85770684, 86670288, 86582952, 86940576, 86868360, 88308324, 85947876, 86565492, 86592924, 86511348, 87078240, 87314184, 86936220, 86580756, 87306948, 87839424, 87436620, 87097068, 87145236, 85930956, 88391772, 86382900, 86847480, 88204896, 86493600, 86596200, 86778180, 85902804, 86453532, 86804028, 86974452, 87020316, 87042600, 86629572, 86635152, 86281596]

Promedio: 86824092.240000

-----------------------------

Deadpool.bmp


[ 87965712, 86734728, 87138576, 87155892, 86201712, 87636024, 86263308, 86905044, 88937028, 87602220, 89499888, 86479992, 86979060, 86634684, 88466688, 85743180, 88775028, 87129576, 86778144, 87949872, 86713092, 87869988, 88580880, 87358932, 89276832, 86367168, 89102952, 86566680, 86421492, 86352012, 86116752, 86215788, 88635780, 89629812, 87407136, 87470892, 86692428, 86463612, 88243524, 86136516, 88175700, 88277904, 87249132, 86637456, 86756472, 87533496, 88305768, 86250240, 87114528, 88106220]

Promedio: 87380110.800000

-----------------------------

It.bmp


[ 88138872, 86688324, 85711176, 87160356, 87183828, 85784004, 86334840, 87127236, 85828248, 84991968, 86547384, 85675392, 85884732, 86055552, 85966956, 87112764, 86300928, 86067216, 86480820, 87431868, 85756464, 86457600, 85967208, 86225040, 86711400, 85947624, 86293656, 86072004, 86079780, 85890852, 87050232, 87090516, 86316264, 86211036, 86327352, 86897520, 87312132, 85871160, 87075108, 87420060, 86897016, 87261768, 87310980, 86919480, 87181488, 87605820, 87126732, 87404436, 86586912, 87849576]

Promedio: 86591793.600000

-----------------------------

JusticeLeague.bmp


[ 88980804, 87107184, 87298056, 87835320, 86859144, 88251120, 91028844, 87354540, 88333740, 86090472, 86756868, 85732380, 86776344, 86918544, 86787720, 87644808, 87694740, 87081984, 87403536, 85916592, 87053868, 87683724, 86154048, 86837292, 87224904, 86310720, 86238108, 86303880, 86384592, 87896412, 87094548, 87645744, 87109452, 88904160, 87895008, 87085836, 87119784, 86433552, 87508764, 87332256, 86765364, 86266512, 86923188, 86512068, 86478336, 86633172, 86566860, 87068088, 87001992, 86578272]

Promedio: 87137264.880000

-----------------------------

TheMandalorian.bmp


[ 87540480, 87679548, 88598592, 87005736, 87376032, 86633928, 86740632, 86862564, 86103252, 87756372, 86811948, 87110604, 85830732, 85574628, 87131124, 85931460, 86879700, 87076836, 87343272, 86942340, 87220404, 87738264, 88331472, 86492664, 87091416, 87508908, 88819164, 88343172, 87955236, 87244200, 85648860, 87584148, 87646572, 86590728, 88509996, 86444856, 86875740, 87785820, 85721760, 86221584, 86866056, 86560344, 86440536, 86743440, 86787900, 86298336, 86915196, 86270976, 87281856, 87310620]

Promedio: 87043600.080000


====================================================================================================================================================
======================================================EXPERIMENTO 2=================================================================================                
====================================================================================================================================================

TESTS 480p

BladeRunner2049.bmp


[ 2963412, 2511468, 2443968, 2409624, 2423988, 2422944, 2460348, 2510640, 2435400, 2463912, 2911824, 2473488, 2513844, 2456640, 2499012, 2464488, 2450880, 2415636, 2475180, 2473020, 2443680, 2425824, 2434752, 2465208, 2452500, 2963592, 2460204, 2454372, 2535840, 2467116, 2431116, 2438316, 2429208, 2508768, 2485368, 2468700, 2442492, 2466684, 2498292, 2452320, 2531304, 2449404, 2494476, 2465028, 2514060, 2492712, 2468556, 2471508, 2426868, 2412864]

Promedio: 2492616.960000

-----------------------------

Deadpool.bmp


[ 2920104, 2533500, 2444760, 2444724, 2427624, 2567700, 2399148, 2860848, 2424348, 2398032, 2427012, 2407500, 2400516, 2416104, 2405052, 2432484, 2442240, 2415168, 2448900, 2435760, 2752020, 2419632, 2401164, 2402208, 2459196, 2485548, 2434500, 2544336, 2376972, 2469636, 2414916, 2388888, 2374848, 2401920, 2425284, 2571516, 2411100, 2395188, 2413044, 2430072, 2429784, 2435544, 2430936, 2435904, 2478528, 2465136, 2416068, 2404260, 2417400, 2390112]

Promedio: 2458543.680000

-----------------------------

It.bmp


[ 2476764, 2428236, 2371248, 2376288, 2331864, 2343924, 2359800, 2352816, 2346084, 2340180, 2383056, 2361096, 2348496, 2335248, 2373156, 2383704, 2355192, 2395908, 2348820, 2342880, 2368116, 2358432, 2360412, 2361672, 2367288, 2386764, 2341872, 2348712, 2364336, 2352960, 2352312, 2360124, 2345544, 2410524, 2371788, 2363940, 2362932, 2336364, 2347992, 2360916, 2358144, 2360376, 2337228, 2382732, 2344500, 2341836, 2370312, 2400336, 2356344, 2358612]

Promedio: 2363763.600000

-----------------------------

JusticeLeague.bmp


[ 2772828, 2582676, 2471832, 2484612, 2475252, 2482956, 2491488, 2577780, 2535012, 2619252, 2525076, 2630412, 2439576, 2479356, 2536668, 2509668, 2514132, 2483892, 2455200, 2681064, 2479608, 2540412, 2522664, 2631636, 2517948, 2469024, 2468268, 2450520, 2444796, 2435760, 2442528, 2436768, 2486880, 2425716, 2442168, 2470896, 2448864, 2453724, 2476872, 2460816, 2469780, 2446200, 2453400, 2432844, 2443212, 2427480, 2486448, 2452788, 2459772, 2500668]

Promedio: 2496543.840000

-----------------------------

TheMandalorian.bmp


[ 2983464, 2498508, 2460060, 2413080, 2497536, 2409336, 2409660, 2404980, 2442744, 2564136, 2535552, 2427696, 2442456, 2406996, 2421396, 2493612, 2553948, 2412648, 2435076, 2553948, 2469744, 2398608, 2452356, 2490264, 2537892, 2496888, 2449008, 2416464, 2429748, 2423376, 2521656, 2414880, 2399508, 2458188, 2638440, 2457828, 2404548, 2503440, 2489328, 2438028, 2445804, 2391012, 2444328, 2592360, 2401596, 2461896, 2412432, 2397024, 2543796, 2431080]

Promedio: 2471567.040000

====================================================================================================================================================================
====================================================================================================================================================================

TESTS 720p

BladeRunner2049.bmp


[ 7145928, 6210648, 6279804, 6259032, 6280992, 6230736, 6274512, 6357708, 6337116, 6234732, 6392880, 6407064, 6276564, 6465348, 6239988, 6312168, 6260832, 6310728, 6408648, 6304248, 6230124, 6280884, 6290064, 6316272, 6258708, 6315408, 6259032, 6297156, 6317496, 6317244, 6378156, 6277536, 6262308, 6378264, 6289200, 6416424, 6309108, 6245784, 6195888, 6356772, 6406524, 6202836, 6289236, 6326604, 6170760, 6232356, 6357888, 6206616, 6183684, 6199596]

Promedio: 6311152.080000

-----------------------------

Deadpool.bmp


[ 6250968, 6166332, 6322428, 6376788, 6227244, 6266808, 6235740, 6267672, 6237180, 6200748, 6255468, 6261876, 6168312, 6325920, 6158016, 6359688, 6373692, 6216480, 6308388, 6262200, 6381504, 6191712, 6278580, 6248052, 6412608, 6226848, 6384168, 6369408, 6287760, 6272280, 6196284, 6185700, 6184764, 6229152, 6235452, 6369264, 6401772, 6338808, 6209244, 6192576, 6276420, 6284844, 6369408, 6330564, 6417576, 6238332, 6348168, 6412248, 6215220, 6256008]

Promedio: 6279733.440000

-----------------------------

It.bmp


[ 6167376, 5968080, 6212916, 6162876, 6054156, 6085476, 6087060, 6082056, 6156252, 6094152, 6051600, 6119676, 6026508, 6049944, 6099552, 6054408, 6133824, 6256584, 6013188, 6074316, 6102900, 6085008, 6079896, 6111972, 6175692, 6039864, 6074496, 6064236, 6065856, 6059880, 6128244, 6072912, 5959836, 6104664, 6050700, 6065100, 6099984, 6027732, 6066612, 6161616, 6092244, 6035796, 6112044, 6044256, 6237432, 6104736, 6059628, 6045120, 6056208, 6055236]

Promedio: 6087798.000000

-----------------------------

JusticeLeague.bmp


[ 6231996, 6206256, 6235920, 6240456, 6139584, 6250896, 6276600, 6275808, 6187968, 6289308, 6249384, 6461316, 6231348, 6190344, 6240600, 6375636, 6296616, 6396552, 6423336, 6209964, 6350904, 6314328, 6215652, 6275736, 6390540, 6300972, 6382584, 6290136, 6296076, 6297660, 6345936, 6305472, 6318360, 6202224, 6202980, 6397020, 6368256, 6346260, 6248916, 6401376, 6246612, 6170652, 6699384, 6265404, 6394068, 6302160, 6316344, 6367788, 6274260, 6300216]

Promedio: 6299963.280000

-----------------------------

TheMandalorian.bmp


[ 6171084, 6222960, 6437880, 6541740, 6319260, 6538032, 6566616, 6322968, 6296040, 6415560, 6443964, 6457500, 6909336, 6310944, 6284592, 6354756, 6315228, 6621840, 6530544, 6349824, 6379704, 6708528, 6322248, 6426144, 6263496, 6330060, 6293376, 6489072, 6355908, 6517368, 6301656, 6426432, 6471288, 6359112, 6406668, 6649632, 6678648, 6745968, 6631488, 6723540, 6426504, 6511752, 6307452, 6505632, 6437160, 6371892, 6607116, 6779376, 6746148, 6516828]

Promedio: 6462017.280000

====================================================================================================================================================================
====================================================================================================================================================================

TESTS 1080p

BladeRunner2049.bmp


[ 14976900, 14671404, 14737356, 18450360, 15240996, 14762052, 14672484, 14600196, 14808564, 14710824, 14770584, 14553324, 15183252, 14599368, 14399892, 14504832, 14701968, 15020568, 14528520, 14568768, 14937300, 14762484, 15054084, 14158548, 14531976, 14930172, 14706936, 14777496, 14787108, 14851908, 14655096, 14441364, 14608224, 14337684, 14510268, 14186628, 15107508, 14676948, 15043212, 14428584, 14765436, 14551272, 14386716, 15111108, 14340240, 14366340, 14726232, 14467860, 14891328, 14494716]

Promedio: 14761139.760000

-----------------------------

Deadpool.bmp


[ 15688512, 14794236, 14890140, 15050808, 14803992, 15260400, 14985396, 14712696, 15105960, 15169752, 15317604, 14955948, 14733864, 15268140, 15528924, 15179616, 14575788, 14821596, 15035724, 14744484, 15182748, 14863428, 14843196, 15675300, 15623640, 15141744, 15282180, 14677956, 14515056, 15606684, 15214464, 14411376, 14581584, 15138936, 15225192, 15166152, 14925420, 15304068, 15136344, 14619060, 14939352, 15025104, 14851260, 14632164, 14841432, 15077304, 15757596, 15037452, 14704740, 15104736]

Promedio: 15034584.960000

-----------------------------

It.bmp


[ 15177060, 15051564, 14778288, 14765904, 14782320, 15026940, 14990508, 14978376, 14691564, 14594760, 15363288, 14968008, 14679756, 15382764, 14685444, 15207876, 14861916, 14606316, 15144588, 15114240, 15197652, 14660100, 15272676, 15022188, 14672088, 15198732, 14701716, 14680332, 14752476, 15388236, 14341788, 14583564, 14313672, 15349644, 14393088, 14887980, 14573772, 14387364, 14155380, 14658336, 14208624, 14885028, 14494932, 14288112, 14933808, 14726484, 15351552, 14943816, 15073200, 14977800]

Promedio: 14838512.400000

-----------------------------

JusticeLeague.bmp


[ 15649164, 14492736, 14821956, 14593572, 14677380, 15220872, 14393952, 14207220, 14373936, 14530788, 14286960, 14683176, 14394888, 14718240, 14379264, 14674572, 14935968, 14862744, 14598720, 15232788, 14651424, 15296688, 15257952, 15086772, 14334696, 14439816, 15224328, 14495436, 15370128, 14575068, 14618772, 15163344, 15277824, 14798196, 14911596, 15045480, 15080400, 14523912, 14632560, 14583528, 14383872, 15054552, 15132924, 14669604, 15287940, 14420412, 14935176, 15356520, 15079932, 15134508]

Promedio: 14811045.120000

-----------------------------

TheMandalorian.bmp


[ 15546060, 14453712, 14558832, 15059664, 14634360, 14569488, 14527224, 15192072, 15209208, 14998500, 15092928, 14712480, 14334516, 14505984, 14485428, 15165828, 14424012, 15189120, 15106824, 15265620, 14778900, 15075756, 14356116, 15009192, 14637960, 14969196, 14951592, 14905440, 14911344, 14946300, 14845320, 14842080, 14484492, 15197832, 15406956, 15264828, 14800572, 14874768, 14973120, 14770980, 14653656, 15576660, 14884524, 15276060, 14612292, 14971140, 14955768, 14645592, 14950584, 15421500]

Promedio: 14899647.600000

====================================================================================================================================================================
====================================================================================================================================================================

TESTS 4k

BladeRunner2049.bmp


[ 88991856, 87048792, 86196456, 87409080, 87601680, 86755860, 85966812, 86767884, 85764312, 86321304, 87321744, 86620572, 86764248, 86783796, 86585832, 90054252, 86346288, 86221224, 86142564, 86369580, 90023256, 86200524, 86087052, 85725252, 86404680, 85686984, 86661756, 85868316, 86386932, 86410800, 90125676, 87111504, 87068520, 88060356, 87275484, 88709940, 87279516, 85966776, 86926968, 87462684, 86514444, 86776056, 87079896, 86145336, 87254676, 89754012, 86391792, 88703280, 86860188, 88187076]

Promedio: 87062877.360000

-----------------------------

Deadpool.bmp


[ 89139276, 87646320, 87377112, 87725196, 88331868, 88263180, 87341616, 87671880, 86948136, 89761788, 87067116, 87672420, 89903376, 87888708, 87988536, 89211348, 87183576, 90268056, 88394868, 87236856, 87905376, 87185628, 86981400, 87728724, 87483528, 88252380, 87148476, 87585516, 88004052, 87741756, 87483780, 88177752, 87026292, 87710832, 88038828, 87447924, 87812964, 87853824, 88604172, 87931764, 88126488, 88188660, 87882732, 87409116, 87256908, 87591924, 87761844, 86976000, 86814756, 87795180]

Promedio: 87858596.160000

-----------------------------

It.bmp


[ 88966368, 86898204, 88397532, 87313680, 86760864, 86795748, 88134660, 87882012, 89570556, 88016904, 88393176, 87939144, 87890400, 88206624, 88548732, 88423092, 87190992, 86782032, 86948100, 87395472, 87193764, 87254388, 87543684, 86504112, 87620364, 88386840, 87093576, 87366600, 87305616, 87988608, 88755048, 87792192, 87448824, 87154560, 87710940, 87186816, 87304968, 89383248, 88256232, 88686144, 87128640, 86531616, 87786972, 86880348, 86949972, 86525856, 86890644, 86595552, 87359148, 87064776]

Promedio: 87602086.800000

-----------------------------

JusticeLeague.bmp


[ 87056820, 87648048, 87074244, 87627312, 87236064, 86904864, 86576580, 86907384, 86945508, 86399208, 87270840, 86664024, 87412356, 87341508, 86845680, 87985296, 86904180, 87151932, 86787540, 86684256, 88445448, 86428800, 87593040, 86818356, 87452460, 87464232, 88963344, 87944256, 87421392, 87590016, 86852628, 87686136, 87061860, 87356916, 87594588, 86424984, 86803992, 87448752, 87367248, 87010524, 87033708, 86964984, 87262092, 86487948, 86266548, 86678676, 89379972, 88327980, 87548688, 87494040]

Promedio: 87251945.040000

-----------------------------

TheMandalorian.bmp


[ 89421444, 87671160, 87468660, 87697512, 87111180, 88389972, 88255620, 87247224, 86811912, 87910992, 88705116, 87384348, 88088544, 88363008, 87255504, 87689952, 87849504, 88250904, 87658380, 88064496, 88986204, 87591960, 87801732, 88207560, 87604884, 87136668, 87393384, 87790320, 88397568, 88081272, 87831756, 88565976, 87926364, 87664680, 87907500, 87526296, 87457464, 87995880, 88507584, 87431976, 87650208, 88263000, 88129764, 88037172, 88014888, 88037280, 86769972, 86758956, 88485984, 88063344]

Promedio: 87866260.560000